code
603987
601003
600545
000812
601801
603977
603608
600613
002723
603028
300561
002785
603633
002821
600671
600679
300499
002795
603959
603858
603060
002793
601882
300180
300111
300063
002820
002819
002656
002623
002620
002287
002818
603029
603016
300531
300557
300209
603299
300560
603300
300558
600785
603203
601116
300421
300556
300566
300562
300563
002451
000012
000982
000597
000554
002110
300325
603009
300393
000532
603007
603022
601628
603025
002175
603066
601118
601518
002792
002796
002781
002645
300509
600795
300502
600746
300286
002479
002412
002541
000509
002647
603027
603798
000976
603997
300194
000153
002788
002719
300487
002552
603128
000599
600293
300405
002776
002469
002787
002515
002730
002790
603069
002549
300501
601336
002756
002350
002734
600575
300412
002124
600818
002393
002746
002289
600873
002606
300493
603520
603368
002602
600112
002778
002532
002805
603996
300283
603508
002724
300396
600382
002582
300236
300492
603868
600694
002801
300507
603726
300237
002419
002732
300495
002765
300540
002144
603701
002597
002193
002786
000949
603611
000062
603663
603010
603118
002281
603843
300011
603737
300056
603861
600291
002775
300458
603339
000627
300423
002333
002791
002783
300173
600419
002398
002202
000669
300457
300511
600697
300442
300279
002627
300400
603778
603528
002383
300534
002753
603131
600114
300364
300385
603688
002763
603090
600215
600477
300119
300475
603377
603779
300443
300472
002315
300462
002771
002408
300468
601668
300490
000731
002799
300371
300352
002762
300296
002596
001979
603311
002360
601177
002766
300349
002277
603159
603777
603085
603696
300460
300515
000637
600863
002354
002604
600622
603919
002185
002063
600784
600753
600468
601766
002682
601908
601968
600681
000663
603958
002101
002810
000553
300497
000417
300346
300422
002705
002061
002715
600536
000880
000048
300559
002718
600098
300419
600421
002351
300488
603866
300337
603828
000429
002598
300403
603003
300471
002403
601500
300148
600969
300164
300154
002562
603309
600634
600085
603328
300518
300430
002670
600203
300108
603101
603729
601113
300543
300260
300525
300313
300340
603268
002164
002713
601127
601618
002215
300483
002097
300379
603999
000809
002125
002757
600350
002761
000639
300526
600590
601669
002084
300528
603989
600886
002669
000035
600830
002022
603658
603199
300275
603788
300356
300425
603322
300530
000703
300527
600327
002735
601601
002531
000416
000981
300529
002523
603088
300478
002362
002649
601318
002674
600192
603018
300539
600081
002434
300505
002696
300281
002789
002613
000607
601579
600191
002060
002251
300363
600201
300469
603168
002806
002283
002816
600626
000792
002716
300312
000797
300357
000800
300234
603789
002346
300407
002731
002427
600648
603393
601808
300417
600166
002027
002045
600241
002143
603515
603883
300500
000735
002803
600011
600513
002107
603678
600723
300350
300521
002429
601811
000587
601989
600023
600688
000790
300536
000673
300486
000759
300022
002813
300141
000561
300453
300538
600108
600638
600070
000862
002808
002607
002694
600095
002749
601998
600787
600500
300375
002484
600356
600774
603716
000636
300134
603806
002446
000425
002270
603108
600800
601566
600871
601186
300523
600376
600027
601996
002195
600033
603899
600157
601128
002680
000960
603355
002296
300533
000096
000616
002166
002643
600583
603600
300037
002752
600726
600533
300494
300241
600278
002802
600258
600908
603968
002668
600649
000688
300319
300042
300435
002769
603901
600198
000939
600269
300301
600231
600665
000665
600355
300362
002187
002537
600501
300522
300284
601965
300211
002738
600121
300399
603223
002381
600936
300092
002449
300508
603818
002196
002369
002275
000903
603569
600213
000692
300265
603005
300299
002162
002743
600483
603998
603887
000333
002242
600569
002711
600510
603023
002232
600396
002737
600618
600489
600290
600466
000060
603011
002372
000782
300517
600578
300310
600308
002436
300512
300263
000056
000061
300214
600372
300083
601886
600039
002321
002630
002046
002703
300389
603889
601179
002722
600285
600616
600020
300050
002380
002353
603616
601009
002428
600961
300547
600585
300415
600896
000715
300138
600282
603001
002690
300298
600328
601800
002782
600689
000678
600015
002221
000875
600531
600527
002237
600792
000851
600598
002605
600609
002452
000728
002811
002758
600469
603738
600666
300239
002391
002319
300535
600093
002168
600628
002336
600744
601313
300046
300465
300452
300002
300470
000786
002214
600771
600207
600287
000807
603126
300308
300519
600329
300112
000897
600036
600496
000049
300351
300196
000038
600429
300038
600038
300503
002136
000539
600090
300416
300516
600089
601818
300269
300391
000791
600277
300401
600048
300095
601608
300330
601595
300287
300344
603067
603869
600898
600696
300135
300158
002545
000878
600617
603306
002438
000651
600170
600141
002300
300105
600834
603111
000758
600028
600780
300455
600865
601388
600080
002072
000543
002155
600062
002459
002314
000063
300117
000632
000613
000426
002094
000591
600619
600330
002564
600781
600099
300142
600739
002527
000065
000980
002653
002809
000708
600643
603519
002580
002489
600200
601689
002529
000751
002142
002207
603421
000725
002158
002090
000968
300345
000502
000671
600351
300130
601857
601929
600295
601188
600150
300181
300183
002009
000886
300191
300485
002461
002556
601677
600698
300542
002501
601328
000780
601233
002616
600030
603123
603800
000581
601169
000557
300438
300220
000521
002397
002639
600808
002213
002748
002399
601106
603567
600007
002553
002169
002490
600463
600993
000667
603002
002080
600322
000767
000885
300386
601107
002243
000501
000811
300360
600642
300380
002245
300446
600512
002684
002739
600999
002035
300339
600057
000603
600240
000821
002174
600250
000630
601069
600470
600988
603117
600528
600502
002755
600313
300329
002167
600881
601799
600657
300157
002426
601999
601015
600159
300155
002433
300061
300358
600654
002216
002543
002222
601158
300147
300355
600593
601988
002134
600459
000819
002225
603189
000166
000889
000951
002561
000027
300270
600113
600016
000430
601390
600547
603308
002086
000585
600410
000928
600339
601992
600219
600216
600127
300153
000952
600686
002742
603589
000158
600109
600517
603313
000419
603898
600582
000883
002230
002581
300290
002062
002591
002521
002224
000519
300368
603100
002012
600563
002435
600026
600568
600359
600029
002052
000338
002619
600651
000838
603939
603031
000828
600187
600155
000778
002262
002726
600757
000966
000837
600022
600507
300028
002384
600623
600667
300532
002288
600101
002079
000567
600864
002037
300170
002307
600705
300177
000572
300282
002444
000920
600276
600175
002153
600481
600540
300160
600826
600716
300016
300439
002100
601666
600824
000552
603969
601558
600229
002173
002058
600009
300082
600300
002093
600167
603167
603699
300546
601258
000877
300553
002161
600105
601588
000913
300032
002246
002220
002687
600066
600190
601126
600311
002186
601398
300479
600713
601166
000996
601890
300055
002641
600449
600674
600561
000517
600717
002132
000628
600823
002454
600548
002418
600064
600844
300250
000001
300166
300258
300414
600497
000997
603166
300040
600100
600782
300253
600165
002131
600783
000617
603222
000707
000157
300541
601028
600635
000898
000915
300054
600595
601117
002551
300520
600188
002494
000900
000402
002206
600847
002375
000525
600620
002416
600822
002328
600630
600072
600199
603169
601211
600779
600360
002324
000861
600704
000078
000601
603599
002651
600995
002812
002401
002554
601006
600745
601939
600118
000985
300084
002439
300240
000760
300444
002759
000677
002150
600811
002585
002148
600984
002708
000668
600133
600815
002406
000600
300193
002067
300086
002508
002111
002800
300039
600966
600078
000972
002470
600067
002445
600508
002322
600316
002617
600982
300227
002667
601099
000498
002633
002278
600819
002032
600261
000978
600802
002392
000816
000768
000937
000626
600854
601997
600383
002450
600551
601208
300424
600600
603636
300085
300218
002528
600919
600435
600820
000159
300206
600332
601600
600748
000690
601377
002240
300347
600418
600516
000409
600839
300306
600827
600900
601058
601339
603338
600236
600068
002078
000540
000779
002498
603158
600387
600640
000612
002057
601137
002747
002373
000403
300404
300464
600425
002760
002250
000868
600178
002497
002015
002358
300315
300216
600401
002073
300256
600980
000826
300162
002160
002021
600990
300043
002020
002632
300229
002041
002677
600765
300467
600814
600006
000656
300397
600369
300489
600720
002773
000625
000088
300041
300045
300304
002463
600018
002212
000753
002114
603315
000629
002139
002332
002611
002518
600559
002767
002347
600160
000979
002081
000927
002772
601872
600251
002777
600307
300136
600268
000793
600778
002540
002425
603318
601919
002095
600530
300267
002568
300327
601888
000967
600566
000860
002048
600368
600706
300491
002133
300342
600703
002068
002612
600345
002026
002159
002017
300437
600836
002615
000709
300222
002741
601288
600682
000736
002126
002464
002727
000570
601139
000680
600005
300272
001896
002728
601368
600639
600129
600958
600695
002692
600221
000738
002390
002807
000965
002218
600875
600526
300314
000046
001696
300448
300278
002274
601088
600460
600756
600835
300394
002514
600611
600727
600597
600084
000686
600567
000069
002600
000021
600423
600599
002345
300548
300224
600894
300387
002505
002432
000551
600153
002530
002493
600655
002512
600487
002003
000650
300140
002410
002115
600107
300094
600711
300110
300118
600535
000411
600963
600719
601020
300481
600054
002302
300392
002662
000420
603099
600000
002770
600845
300280
002466
000955
601163
601000
600668
600008
000973
600037
002014
000799
000717
002374
600297
600515
002437
000893
300203
600292
002422
300168
600169
601333
600333
000931
600658
601933
600606
601226
002036
002327
002487
000961
000700
300122
002128
002504
600220
000776
600858
000723
000722
002116
300277
600637
002064
000573
300484
601555
300029
600690
000762
300348
002267
600884
600059
600320
601216
603077
601100
002304
300418
002140
600959
601018
000839
000631
300128
002191
000869
002563
600731
000534
600168
600366
600398
600522
000657
600594
002227
002024
002658
000685
600186
300171
601928
300300
002686
002105
300149
601788
000761
300230
600724
603198
300461
002047
000932
300307
002506
300090
600403
300262
002815
000589
600077
002183
000099
300388
002539
300010
002483
002092
603568
002751
002574
603015
002104
002516
002595
601616
601985
000919
600866
000720
002385
002083
600446
300066
600279
002361
601111
002238
000716
000610
600336
600348
300367
300369
002657
600888
600338
600837
002146
002337
600433
601901
600880
002557
600354
002030
600755
300376
300201
600874
600805
000555
000806
600363
600270
300065
600352
600981
002780
600975
600677
002325
600055
603718
600503
600960
002088
600580
601777
002646
002447
600846
300074
603366
300225
000712
300172
002264
300176
300251
300109
600302
002008
300197
000815
000681
002301
600491
002028
000777
300259
600305
000783
600183
002457
000523
002714
600365
600889
601567
002261
002106
600266
600730
300161
600416
300305
603618
002700
000503
002293
600775
300390
002298
002130
002676
300013
300226
002474
600061
300252
300044
600058
300001
300097
300309
601877
600138
600897
000605
600729
002260
002395
000020
300378
600685
603808
000568
002190
000526
000513
300033
603986
603979
603936
603838
603822
603766
603703
603558
603555
603518
603399
603227
603030
603021
603020
601991
601966
601958
601900
601899
601798
601789
601727
601718
601717
601231
601101
601010
601005
600998
600979
600973
600970
600892
600890
600879
600876
600859
600855
600848
600812
600810
600807
600797
600790
600789
600777
600773
600768
600764
600760
600747
600743
600740
600733
600725
600718
600691
600687
600676
600675
600673
600663
600644
600636
600629
600624
600621
600608
600601
600577
600558
600552
600543
600539
600537
600529
600525
600509
600490
600480
600462
600461
600439
600438
600432
600400
600399
600397
600390
600388
600380
600379
600346
600331
600319
600315
600306
600301
600289
600284
600255
600242
600233
600228
600227
600225
600212
600209
600189
600177
600173
600163
600158
600152
600151
600145
600139
600123
600115
600103
600075
600073
600071
600069
600052
600050
600035
600021
600010
300568
300537
300513
300510
300496
300480
300477
300473
300466
300459
300450
300449
300441
300427
300410
300398
300395
300374
300373
300370
300366
300353
300336
300323
300311
300285
300276
300273
300268
300261
300249
300248
300246
300243
300223
300219
300213
300200
300198
300179
300165
300150
300146
300143
300123
300120
300107
300100
300098
300088
300080
300076
300067
300059
300051
300047
300031
300027
300004
002798
002779
002745
002725
002721
002712
002701
002689
002678
002671
002659
002654
002640
002635
002629
002621
002610
002608
002599
002593
002584
002583
002578
002576
002571
002566
002565
002526
002510
002509
002500
002492
002482
002478
002462
002458
002455
002448
002440
002423
002415
002411
002396
002389
002386
002379
002377
002356
002338
002316
002297
002282
002259
002254
002244
002239
002226
002199
002198
002178
002176
002165
002151
002129
002099
002098
002076
002075
002071
002059
002055
002034
002025
002005
002002
000990
000988
000987
000983
000975
000953
000948
000925
000916
000910
000887
000882
000876
000859
000830
000829
000803
000788
000785
000748
000729
000727
000719
000711
000710
000697
000693
000682
000676
000670
000662
000652
000622
000611
000609
000584
000582
000576
000571
000566
000563
000560
000559
000558
000547
000538
000533
000531
000511
000422
000415
000100
000066
000050
000045
000042
000029
000028
000016
000010
000858
002544
603698
300555
600444
600456
002511
600391
600576
002702
000752
300195
601098
000701
000810
002123
300474
600742
002536
002056
600238
600831
002091
002579
601012
000679
600612
600335
002400
000593
002673
002467
600987
600662
000852
002570
600385
300169
000848
002273
000908
600983
600373
600206
000902
002685
002029
002252
300295
600303
600707
000008
002387
000421
002004
600728
002121
300247
000564
600326
300003
002573
600094
603859
000620
000089
300129
002326
600485
300238
600806
600605
002284
002550
002118
300079
600448
300035
002189
600741
300383
002184
000750
002626
002181
002033
000938
600571
600260
002535
000698
600004
300297
600565
600082
002681
600362
600893
002502
600604
300266
600550
002192
600488
002051
002709
601969
002664
603988
603019
000598
600519
300178
603012
002409
600262
600131
002499
600882
600246
000713
002707
600239
603116
002117
600978
600804
600436
600570
600122
002624
000404
000833
600581
002488
002517
300007
601008
600271
000905
002228
002271
601611
000408
002614
002496
601002
300057
002477
601633
000039
300189
600633
300058
002547
300068
002049
600353
002007
002546
300131
601016
300271
002294
600579
300077
002367
600063
300440
600589
300188
300014
600664
002171
601021
000963
600867
000036
002768
000014
000059
300020
002317
300408
300326
601636
002223
002594
002644
600546
000825
601238
603799
603993
002693
002156
600861
002348
300228
000732
000998
000836
600257
002341
600458
600104
300333
600119
601011
000410
600091
002672
000005
600143
300320
600712
300121
300182
002559
000993
000687
002495
002424
600106
300091
002407
002236
600853
002736
600555
600375
300175
600060
600532
600652
300144
002342
002200
300328
300431
600763
002217
600479
601198
600111
300125
002249
600146
000507
000917
000151
300341
002023
603456
300008
600171
600135
600992
000683
600754
600803
600232
300114
000058
300025
000798
600562
002292
600197
300476
600223
002666
000923
002473
601218
600791
002441
002343
300132
300335
002331
300257
601007
600869
600249
300232
600759
600692
002378
002016
600587
002318
002339
603000
000514
600422
002135
600495
002001
000518
600137
600196
002364
002065
603606
002472
002120
000926
600386
300205
000090
600180
000989
002534
300303
002112
600235
600252
002276
002560
002087
002039
000004
002330
002279
002265
000428
000911
002253
002349
002335
002258
300244
600825
002665
000615
300006
600499
000530
601866
002182
601222
300322
002043
002268
600986
601607
600162
600031
000856
600184
000418
002295
603288
600074
603588
002370
002413
002011
002688
002430
000957
000596
002309
600862
600505
601199
000022
002420
002163
002460
600017
600895
300005
002312
300264
002210
000545
600298
000726
601168
002285
000528
300420
002592
002019
600019
600125
000881
002609
000755
000032
600801
600588
600850
002577
603909
300126
600511
002589
600210
600288
300288
002031
002157
002404
600693
000969
002733
000801
600680
002368
600809
601369
600096
002077
601699
300127
600985
000863
000823
000623
000888
600926
600572
002340
300075
600371
600602
603188
000705
600838
000737
002334
000548
300069
600684
000529
002147
002631
600560
600323
601519
600273
300185
002513
000977
600312
002366
002476
002471
603369
300015
002208
000901
002660
002542
600218
600482
600770
002308
300245
300409
002481
000850
300099
600586
000822
600237
000156
002590
603816
601225
000789
600340
000068
000031
300359
300289
603398
300482
600185
300447
600977
002247
000550
600592
300204
000030
600976
002311
002405
600117
600337
600367
002152
002233
600256
002797
000655
002042
000895
600193
600650
300210
300009
000906
002291
300167
603333
002329
002203
000672
002137
603006
002235
300078
600097
600176
002197
002248
600088
000971
600420
600660
002103
600405
300053
002636
002066
300072
000739
002740
300436
300017
002310
000009
000018
601898
000999
600736
300294
601038
002054
002018
300365
300552
002127
603669
600179
002431
300274
002697
000733
600126
300102
603686
300433
600887
601688
600614
002069
600794
600645
000524
601515
600079
002601
300302
002044
600317
600557
002706
000023
600761
002263
600683
000909
603918
000590
002256
000619
600708
300036
002177
600309
000488
600208
002661
600325
002085
600234
600798
600299
000017
002204
300101
600872
300184
000970
000544
002344
000936
603008
000541
300406
002109
002113
600493
600699
300434
002402
000890
600377
603885
000407
600486
600721
600051
002170
600610
000007
300318
002149
300030
600653
002172
300187
002567
300081
000608
002205
600217
600318
002266
000659
300152
002414
300026
000756
000702
300133
601155
002533
600596
300048
600776
600116
600851
300113
300151
600161
600310
002010
002538
300331
002388
600766
000150
002655
002359
600130
002382
002038
600361
601918
600428
600841
600556
300106
300073
600128
300428
600506
300139
002365
000795
000592
600272
002491
300087
002145
000766
603601
000516
603556
002453
002074
300070
300291
300324
002717
300451
002089
002138
002394
002219
000026
300093
002323
002443
000796
600467
002456
002648
300124
000831
002750
002070
601700
002683
000995
000958
002241
002272
300202
002053
600267
002154
000002
002637
000413
300233
000034
000950
600120
002442
600498
000040
600381
600452
002013
601678
600415
000930
002675
600661
000025
002691
000070
600738
002555
000892
600971
600816
600321
600408
000718
600275
300549
000510
000813
600722
300012
600393
600343
603026
600870
600076
000638
600751
600518
300137
000721
002320
000504
002625
002108
002352
002588
600549
300377
002503
603566
600877
000661
300190
600053
002699
000520
600358
000055
300384
300354
600843
600967
300018
600283
002465
002522
002638
002634
600769
002286
603609
300024
000536
002698
600392
002524
300498
300034
600965
002519
600767
002468
601599
300432
300242
300411
002280
600172
300019
600086
300199
600132
600455
600829
600182
600860
600378
300207
002586
002188
300545
300021
300212
300463
600110
300049
600817
300456
002211
002520
000506
600793
002290
000019
600243
002421
002371
002006
300317
600148
002355
600883
600891
002572
002485
600083
600615
600370
002376
002194
300089
300062
000666
002269
600406
000400
002363
300104
600734
000565
000606
000401
600641
000423
002229
000929
300215
002558
600521
300221
600409
600395
300254
300231
002603
000818
002618
600702
600735
002050
000691
300064
000537
000546
600885
300506
600857
300316
000802
000962
002587
600478
600248
300321
600426
600647
601001
000922
002303
002628
002119
300332
600584
002255
300208
300426
000011
002417
601311
600749
300116
300174
000635
300192
300145
002096
600962
600012
300343
600821
000935
002817
600202
600796
600520
600523
002201
300071
002102
600701
600226
600156
002575
600750
600475
300382
600715
002306
600222
300429
000006
600211
002313
300550
600195
300292
002650
002040
300156
300334
300255
002729
300338
000820
300096
000835
300445
603017
300163
002305
000959
600389
002179
600737
600247
000633
300217
603667
002507
300115
002180
002548
300551
002122
002480
000899
600603
000921
300381
600056
000918
600230
002652
000043
600280
300052
002357
300023
000912
600917
600476
600833
002569
002663
600281
300402
603160
002082
002475
300235
000933
002695
600997
601880
300413
600149
000695
603258
600573
600136
600714
600678
000757
002231
300159
002642
300293
002209
002141
600265
600868
600259
002622
603888
600856
000301
000586
000037
600758
600538
000505
000595
002234
002486
601229
600828
002299
002679
300103
603598
603668
603660
603336
603323
603319
603033
600909
600732
600710
300570
300569
300567
300565
300372
002827
002826
002823
002822
000155
000033
603900
603819
603727
